#"Step"	"Time (ps)"	"Potential Energy (kJ/mole)"	"Kinetic Energy (kJ/mole)"	"Total Energy (kJ/mole)"	"Temperature (K)"	"Box Volume (nm^3)"	"Density (g/mL)"	"Speed (ns/day)"	"Time Remaining"
2000	0.9999999999999453	-21255.065773732353	4151.946109904188	-17103.119663828165	236.77777934976848	15.625	0.9061209389598979	0	--
4000	1.9999999999998352	-20571.526296730644	4790.035248684319	-15781.491048046326	273.16681844330634	15.625	0.9061209389598979	19.4	23:59:52
6000	3.000000000000169	-20442.08794565419	4998.693486387395	-15443.394459266798	285.06621040519053	15.625	0.9061209389598979	19.1	23:59:47
8000	4.000000000000503	-20535.36719312063	5069.858513335026	-15465.508679785604	289.12461978768016	15.625	0.9061209389598979	19.1	23:59:43
10000	4.9999999999999485	-20114.153793366455	5232.697842871203	-14881.455950495252	298.41104447089236	15.625	0.9061209389598979	19	23:59:38
12000	5.999999999999394	-20094.4176013895	5409.469651145172	-14684.947950244328	308.49201255352466	15.625	0.9061209389598979	19	23:59:33
14000	6.99999999999884	-20121.09670033548	5307.52158136062	-14813.575118974863	302.6781033809081	15.625	0.9061209389598979	19.1	23:59:29
16000	7.999999999998286	-20253.471687985788	5314.283667772771	-14939.188020213016	303.06373261646615	15.625	0.9061209389598979	19.2	23:59:25
18000	8.999999999999508	-20239.883409705802	5397.020318321973	-14842.86309138383	307.78205021243554	15.625	0.9061209389598979	19.1	23:59:20
20000	10.00000000000073	-20143.135363548743	5306.071648165299	-14837.063715383443	302.5954163823041	15.625	0.9061209389598979	19.1	23:59:15
22000	11.000000000001952	-20254.612329263775	5394.018519002443	-14860.593810261333	307.61086316951213	15.625	0.9061209389598979	19.1	23:59:11
24000	12.000000000003174	-20099.607362431427	5233.416124047624	-14866.191238383803	298.45200671303127	15.625	0.9061209389598979	19.1	23:59:06
26000	13.000000000004396	-19864.836295245892	5079.247356413857	-14785.588938832036	289.6600480798649	15.625	0.9061209389598979	19.1	23:59:02
28000	14.000000000005619	-20202.5110995948	5245.182614740138	-14957.328484854665	299.1230278349739	15.625	0.9061209389598979	19.1	23:58:58
30000	15.00000000000684	-20110.84882428159	5349.722054087294	-14761.126770194296	305.0847180033611	15.625	0.9061209389598979	19.1	23:58:53
32000	16.00000000000806	-20114.20877700162	5340.311858811396	-14773.896918190223	304.54807203501394	15.625	0.9061209389598979	19.1	23:58:48
34000	17.00000000000573	-19976.91467791991	5423.122451061349	-14553.79222685856	309.27060638891857	15.625	0.9061209389598979	19.1	23:58:44
36000	18.0000000000034	-19904.944614582102	5246.7626546058345	-14658.181959976268	299.21313457547114	15.625	0.9061209389598979	19.1	23:58:39
38000	19.00000000000107	-20099.92309622269	5242.394217601719	-14857.528878620971	298.96401072229867	15.625	0.9061209389598979	19.1	23:58:35
40000	19.99999999999874	-20131.356321994066	5422.635555544914	-14708.720766449153	309.24283964144513	15.625	0.9061209389598979	19.1	23:58:30
42000	20.999999999996408	-20017.45700431683	5306.2277719568065	-14711.229232360025	302.6043198323197	15.625	0.9061209389598979	19.1	23:58:26
44000	21.999999999994078	-19778.14498372042	5414.787016132965	-14363.357967587455	308.795252008102	15.625	0.9061209389598979	19.1	23:58:21
46000	22.999999999991747	-19711.4044532042	5353.1934464834385	-14358.211006720761	305.2826850677337	15.625	0.9061209389598979	19.1	23:58:16
48000	23.999999999989416	-19720.603098201773	5184.098071322208	-14536.505026879564	295.6394897156832	15.625	0.9061209389598979	19.1	23:58:12
50000	24.999999999987086	-19918.924681477394	5112.772704185138	-14806.151977292257	291.57193642983094	15.625	0.9061209389598979	19	23:58:07
52000	25.999999999984755	-19965.815903031813	5380.846346410408	-14584.969556621405	306.85967861822087	15.625	0.9061209389598979	19	23:58:03
54000	26.999999999982425	-19973.080463054015	5286.680256697162	-14686.400206356853	301.4895613233054	15.625	0.9061209389598979	19	23:57:58
56000	27.999999999980094	-19893.014376949137	5222.278216634035	-14670.736160315102	297.8168325286405	15.625	0.9061209389598979	19	23:57:53
58000	28.999999999977764	-19681.858639497437	5025.0761706293515	-14656.782468868085	286.57076591307515	15.625	0.9061209389598979	18.9	23:57:49
60000	29.999999999975433	-20118.487292199232	5218.079672932712	-14900.40761926652	297.5773973751517	15.625	0.9061209389598979	18.9	23:57:44
62000	30.999999999973102	-20250.51076844728	5275.537979395466	-14974.972789051812	300.85413793230776	15.625	0.9061209389598979	18.9	23:57:39
64000	31.999999999970772	-20015.58554810102	5200.411096178597	-14815.174451922421	296.5697912412159	15.625	0.9061209389598979	18.9	23:57:35
66000	32.99999999997554	-20148.545981188905	5192.742599929108	-14955.803381259797	296.132471135212	15.625	0.9061209389598979	18.9	23:57:30
68000	33.99999999998032	-20327.69509959868	5257.241165952135	-15070.453933646546	299.8107046261879	15.625	0.9061209389598979	18.9	23:57:25
70000	34.99999999998509	-20326.226705324127	5175.940900195947	-15150.28580512818	295.17430138858884	15.625	0.9061209389598979	18.9	23:57:21
72000	35.99999999998987	-20151.661918185357	5253.144238376837	-14898.51767980852	299.5770644517353	15.625	0.9061209389598979	18.9	23:57:16
74000	36.99999999999464	-20085.145262935035	5441.8994785592695	-14643.245784375766	310.3414254111456	15.625	0.9061209389598979	18.9	23:57:12
76000	37.99999999999942	-20195.197037859358	5483.032168624942	-14712.164869234417	312.68714637057707	15.625	0.9061209389598979	18.9	23:57:07
78000	39.00000000000419	-19850.04010277591	5180.382694662483	-14669.657408113428	295.4276086816691	15.625	0.9061209389598979	18.9	23:57:03
80000	40.00000000000897	-20192.69262021739	5471.151544068482	-14721.541076148907	312.00961640624143	15.625	0.9061209389598979	18.9	23:56:58
82000	41.00000000001374	-19910.830818128565	5203.835781805687	-14706.995036322878	296.7650947052515	15.625	0.9061209389598979	18.9	23:56:54
84000	42.00000000001852	-19807.00071381007	5295.674518842672	-14511.326194967398	302.0024873973273	15.625	0.9061209389598979	18.9	23:56:49
86000	43.00000000002329	-19744.410122330566	5235.0233638642685	-14509.386758466298	298.5436646162396	15.625	0.9061209389598979	18.9	23:56:44
88000	44.000000000028066	-19975.27543229191	5191.428106011308	-14783.847326280602	296.05750798718765	15.625	0.9061209389598979	18.9	23:56:40
90000	45.00000000003284	-20103.219955240173	5198.312285252721	-14904.907669987451	296.4500999501564	15.625	0.9061209389598979	18.9	23:56:35
92000	46.000000000037616	-19974.089900006293	5188.498059916713	-14785.591840089579	295.8904128974861	15.625	0.9061209389598979	18.9	23:56:31
94000	47.00000000004239	-20027.922805454906	5418.934982678333	-14608.987822776573	309.03180284027354	15.625	0.9061209389598979	18.9	23:56:26
96000	48.000000000047166	-19863.955852661577	5195.6697916747125	-14668.286060986864	296.29940344668915	15.625	0.9061209389598979	18.9	23:56:22
98000	49.00000000005194	-20197.074245323332	5385.720636719793	-14811.353608603538	307.1376503463725	15.625	0.9061209389598979	18.9	23:56:17
100000	50.000000000056716	-19772.701757098406	5263.0471222306005	-14509.654634867806	300.14180753509544	15.625	0.9061209389598979	18.9	23:56:12
102000	51.00000000006149	-19998.35610056746	5292.9713100862755	-14705.384790481185	301.84832841994273	15.625	0.9061209389598979	18.9	23:56:08
104000	52.000000000066265	-20101.311560365073	5313.154442760436	-14788.157117604638	302.99933501020405	15.625	0.9061209389598979	18.9	23:56:03
106000	53.00000000007104	-20165.97695456054	5239.764880532517	-14926.212074028024	298.81406451010616	15.625	0.9061209389598979	18.9	23:55:59
108000	54.000000000075815	-19811.480447797494	5219.221012524041	-14592.259435273452	297.6424858533653	15.625	0.9061209389598979	18.9	23:55:54
110000	55.00000000008059	-19831.75125351844	5491.279756133491	-14340.471497384948	313.1574909761125	15.625	0.9061209389598979	18.9	23:55:49
112000	56.000000000085365	-19735.726206431053	5115.769393293717	-14619.956813137334	291.74283204691	15.625	0.9061209389598979	18.9	23:55:45
114000	57.00000000009014	-19832.657320290764	5128.734357843807	-14703.922962446957	292.4821999082114	15.625	0.9061209389598979	18.9	23:55:40
116000	58.000000000094914	-20078.38074191986	5234.741140248091	-14843.63960167177	298.52756992730343	15.625	0.9061209389598979	18.9	23:55:35
118000	59.00000000009969	-19984.343110949165	5231.318082144301	-14753.025028804863	298.3323592779005	15.625	0.9061209389598979	18.9	23:55:31
120000	60.000000000104464	-19844.238211958433	5330.301864030827	-14513.936347927605	303.9772206143291	15.625	0.9061209389598979	18.9	23:55:26
122000	61.00000000010924	-19968.396410605284	5193.867681232964	-14774.52872937232	296.19663243347145	15.625	0.9061209389598979	18.9	23:55:22
124000	62.000000000114014	-20031.22466001308	5315.148335932147	-14716.076324080932	303.1130430365034	15.625	0.9061209389598979	18.9	23:55:17
126000	63.00000000011879	-19956.6036372778	5226.74374759606	-14729.85988968174	298.0714934699961	15.625	0.9061209389598979	18.9	23:55:13
128000	64.00000000012356	-20023.72944228426	5244.188229604193	-14779.541212680067	299.0663198965578	15.625	0.9061209389598979	18.9	23:55:08
130000	65.00000000012834	-19943.687821249765	5212.651813720905	-14731.036007528859	297.2678566400903	15.625	0.9061209389598979	18.9	23:55:03
132000	66.00000000013311	-19889.336343488267	5138.53962466256	-14750.796718825706	293.04137607327243	15.625	0.9061209389598979	18.9	23:54:59
134000	67.00000000013789	-19931.142318105885	5348.015553774324	-14583.126764331562	304.9873994583057	15.625	0.9061209389598979	18.9	23:54:54
136000	68.00000000014266	-19961.014219690223	5321.036124337707	-14639.978095352515	303.44881267971346	15.625	0.9061209389598979	18.9	23:54:50
138000	69.00000000014744	-19847.951693800387	5090.4825893701345	-14757.469104430253	290.3007725592889	15.625	0.9061209389598979	18.9	23:54:45
140000	70.00000000015221	-20091.858671248625	5331.0670271563895	-14760.791644092234	304.0208564470001	15.625	0.9061209389598979	18.9	23:54:40
142000	71.00000000015699	-19886.159926781063	5341.0049617769155	-14545.154965004149	304.58759841052375	15.625	0.9061209389598979	18.9	23:54:36
144000	72.00000000016176	-19905.541147740536	5375.585283289791	-14529.955864450745	306.5596499546149	15.625	0.9061209389598979	18.9	23:54:31
146000	73.00000000016654	-19928.28501846302	5122.238846316799	-14806.04617214622	292.1117729435076	15.625	0.9061209389598979	18.9	23:54:27
148000	74.00000000017131	-20213.208336864525	5422.2836316735	-14790.924705191024	309.2227700763381	15.625	0.9061209389598979	18.9	23:54:22
150000	75.00000000017609	-19922.57077714451	5276.758419951441	-14645.812357193066	300.9237373916993	15.625	0.9061209389598979	18.9	23:54:17
152000	76.00000000018086	-19819.23336705904	5081.091654556421	-14738.14171250262	289.7652249793467	15.625	0.9061209389598979	18.9	23:54:13
154000	77.00000000018564	-20143.450603023168	5100.561822153935	-15042.888780869233	290.87557249477084	15.625	0.9061209389598979	18.9	23:54:08
156000	78.00000000019041	-19970.343915951435	5081.1261016054605	-14889.217814345975	289.76718943060905	15.625	0.9061209389598979	18.9	23:54:04
158000	79.00000000019519	-19997.209879537655	5262.5421116721245	-14734.66776786553	300.11300772040164	15.625	0.9061209389598979	18.9	23:53:59
160000	80.00000000019996	-19860.6955577914	5179.850488122209	-14680.845069669193	295.3972579306174	15.625	0.9061209389598979	18.9	23:53:54
162000	81.00000000020474	-19892.18322706979	5451.132675405037	-14441.050551664752	310.86797748758636	15.625	0.9061209389598979	18.9	23:53:50
164000	82.00000000020951	-19726.874170442414	5247.315565049943	-14479.55860539247	299.2446660317256	15.625	0.9061209389598979	18.9	23:53:45
166000	83.00000000021429	-19659.60191659084	5331.33882682423	-14328.26308976661	304.0363566775127	15.625	0.9061209389598979	18.9	23:53:41
168000	84.00000000021906	-19890.966990590332	5584.048705588527	-14306.918285001804	318.4479319556273	15.625	0.9061209389598979	18.9	23:53:36
170000	85.00000000022384	-19851.991688689825	5393.7397270621495	-14458.251961627675	307.5949641826814	15.625	0.9061209389598979	18.9	23:53:31
172000	86.00000000022861	-19876.906647668384	5274.834853046027	-14602.071794622356	300.81403994181954	15.625	0.9061209389598979	18.9	23:53:27
174000	87.00000000023338	-19701.150808233677	5325.844322491145	-14375.30648574253	303.72301529489886	15.625	0.9061209389598979	18.9	23:53:22
176000	88.00000000023816	-19969.792558294837	5223.810383886233	-14745.982174408604	297.90420918285633	15.625	0.9061209389598979	18.9	23:53:18
178000	89.00000000024293	-20321.67870950473	5161.327325571996	-15160.351383932733	294.34091635510606	15.625	0.9061209389598979	18.9	23:53:13
180000	90.00000000024771	-20330.258095722093	5230.177318502091	-15100.080777220002	298.2673036449959	15.625	0.9061209389598979	18.9	23:53:09
182000	91.00000000025248	-20207.37464953569	5431.725674207144	-14775.648975328546	309.7612322346762	15.625	0.9061209389598979	18.9	23:53:04
184000	92.00000000025726	-19924.478061180875	5417.694790454837	-14506.783270726039	308.96107697994853	15.625	0.9061209389598979	18.9	23:52:59
186000	93.00000000026203	-19919.58667950599	5263.605878833559	-14655.98080067243	300.1736723869368	15.625	0.9061209389598979	18.9	23:52:55
188000	94.00000000026681	-19747.787286433046	5136.121160189576	-14611.66612624347	292.9034555337974	15.625	0.9061209389598979	18.9	23:52:50
190000	95.00000000027158	-19946.750558095955	5357.995485695597	-14588.755072400358	305.55653644993083	15.625	0.9061209389598979	18.9	23:52:46
192000	96.00000000027636	-19884.64826602981	5328.158738926224	-14556.489527103586	303.85500216791763	15.625	0.9061209389598979	18.9	23:52:41
194000	97.00000000028113	-20005.44111820451	5079.519024054834	-14925.922094149679	289.6755407811305	15.625	0.9061209389598979	18.9	23:52:36
196000	98.00000000028591	-20412.422563432014	5215.716004111124	-15196.70655932089	297.442601729958	15.625	0.9061209389598979	18.9	23:52:32
198000	99.00000000029068	-19996.53671149449	5216.745570471205	-14779.791141023285	297.5013159882793	15.625	0.9061209389598979	18.9	23:52:27
200000	100.00000000029546	-20092.297454032418	5306.899803575726	-14785.397650456693	302.64264454804777	15.625	0.9061209389598979	18.9	23:52:23
