#"Step"	"Time (ps)"	"Potential Energy (kJ/mole)"	"Kinetic Energy (kJ/mole)"	"Total Energy (kJ/mole)"	"Temperature (K)"	"Box Volume (nm^3)"	"Density (g/mL)"	"Speed (ns/day)"	"Time Remaining"
2000	0.9999999999999453	-10370.41394891886	1827.3048784100965	-8543.109070508763	227.1568590257824	6.476460544000001	1.0033555317817326	0	--
4000	1.9999999999998352	-9870.595371321635	2127.7789425166966	-7742.816428804938	264.50954462718795	6.476460544000001	1.0033555317817326	25.3	23:59:54
6000	3.000000000000169	-9884.195030515573	2252.1018113354626	-7632.093219180111	279.96443270832583	6.476460544000001	1.0033555317817326	25	23:59:50
8000	4.000000000000503	-9814.5436266395	2355.448422991772	-7459.095203647728	292.8117095761195	6.476460544000001	1.0033555317817326	24.8	23:59:47
10000	4.9999999999999485	-9798.30695294036	2360.8400579774093	-7437.46689496295	293.481957263203	6.476460544000001	1.0033555317817326	24.7	23:59:43
12000	5.999999999999394	-9717.242400346939	2236.330643559848	-7480.911756787091	278.0038792301376	6.476460544000001	1.0033555317817326	24.7	23:59:40
14000	6.99999999999884	-9581.50962256171	2365.755954948566	-7215.753667613145	294.0930647628086	6.476460544000001	1.0033555317817326	24.7	23:59:36
16000	7.999999999998286	-9442.4873898506	2432.8947825130153	-7009.592607337584	302.43926104806326	6.476460544000001	1.0033555317817326	24.8	23:59:33
18000	8.999999999999508	-9405.288325275114	2354.2039195135712	-7051.084405761543	292.6570022229597	6.476460544000001	1.0033555317817326	24.8	23:59:29
20000	10.00000000000073	-9511.376042950666	2309.0881179420926	-7202.287925008573	287.04854361351056	6.476460544000001	1.0033555317817326	24.8	23:59:26
22000	11.000000000001952	-9486.795479737604	2442.391322737086	-7044.404157000518	303.6197998155123	6.476460544000001	1.0033555317817326	24.7	23:59:22
24000	12.000000000003174	-9374.555040683597	2442.5195474881966	-6932.035493195401	303.6357397563814	6.476460544000001	1.0033555317817326	24.7	23:59:19
26000	13.000000000004396	-9317.325029386098	2452.316871399839	-6865.00815798626	304.85366969950246	6.476460544000001	1.0033555317817326	24.7	23:59:15
28000	14.000000000005619	-9524.959405268288	2419.445193841316	-7105.514211426972	300.76730889932804	6.476460544000001	1.0033555317817326	24.7	23:59:12
30000	15.00000000000684	-9530.466681473135	2527.4913102803694	-7002.975371192766	314.1987930102796	6.476460544000001	1.0033555317817326	24.7	23:59:08
32000	16.00000000000806	-9572.368198744276	2412.8211199222433	-7159.547078822033	299.94385363294674	6.476460544000001	1.0033555317817326	24.8	23:59:05
34000	17.00000000000573	-9608.569897508796	2469.875379012432	-7138.694518496364	307.036411882037	6.476460544000001	1.0033555317817326	24.8	23:59:01
36000	18.0000000000034	-9451.62904637176	2384.8748771525266	-7066.7541692192335	296.46978600244586	6.476460544000001	1.0033555317817326	24.8	23:58:58
38000	19.00000000000107	-9499.69472076322	2419.8044086963214	-7079.890312066898	300.8119638001837	6.476460544000001	1.0033555317817326	24.8	23:58:54
40000	19.99999999999874	-9505.405042656319	2341.3206276877468	-7164.084414968573	291.05544785748725	6.476460544000001	1.0033555317817326	24.7	23:58:51
42000	20.999999999996408	-9614.696762200043	2354.7990694681284	-7259.8976927319145	292.7309868086322	6.476460544000001	1.0033555317817326	24.7	23:58:47
44000	21.999999999994078	-9565.43917907745	2371.595500495949	-7193.843678581501	294.8189933368273	6.476460544000001	1.0033555317817326	24.7	23:58:44
46000	22.999999999991747	-9550.612946014711	2323.7371719533944	-7226.875774061316	288.8696043112753	6.476460544000001	1.0033555317817326	24.8	23:58:40
48000	23.999999999989416	-9635.350539809151	2198.628515509566	-7436.7220242995845	273.3170329968251	6.476460544000001	1.0033555317817326	24.8	23:58:37
50000	24.999999999987086	-9628.573603517005	2362.960523524674	-7265.61307999233	293.7455576612976	6.476460544000001	1.0033555317817326	24.8	23:58:34
52000	25.999999999984755	-9635.181595301096	2279.659316022545	-7355.52227927855	283.39017533139184	6.476460544000001	1.0033555317817326	24.8	23:58:30
54000	26.999999999982425	-9784.029083008354	2444.166646457612	-7339.862436550742	303.8404947662419	6.476460544000001	1.0033555317817326	24.8	23:58:26
56000	27.999999999980094	-9467.79128093107	2373.9496474479374	-7093.841633483132	295.1116432572741	6.476460544000001	1.0033555317817326	24.8	23:58:23
58000	28.999999999977764	-9652.627625413386	2393.9417909977456	-7258.685834415641	297.59691683565933	6.476460544000001	1.0033555317817326	24.7	23:58:19
60000	29.999999999975433	-9607.914585212016	2385.8936766119136	-7222.020908600103	296.5964355221324	6.476460544000001	1.0033555317817326	24.8	23:58:16
62000	30.999999999973102	-9488.32259390958	2360.732549362205	-7127.590044547374	293.4685925972206	6.476460544000001	1.0033555317817326	24.8	23:58:13
64000	31.999999999970772	-9601.726356898582	2611.2447989249345	-6990.481557973648	324.6103995449835	6.476460544000001	1.0033555317817326	24.8	23:58:09
66000	32.99999999997554	-9608.036842448619	2482.0256578857625	-7126.011184562856	308.5468435662968	6.476460544000001	1.0033555317817326	24.8	23:58:06
68000	33.99999999998032	-9707.100911260066	2361.900582435121	-7345.200328824945	293.61379372223087	6.476460544000001	1.0033555317817326	24.8	23:58:02
70000	34.99999999998509	-9775.716204100487	2372.709117558485	-7403.007086542002	294.957429870912	6.476460544000001	1.0033555317817326	24.8	23:57:59
72000	35.99999999998987	-9769.346983246778	2222.5504557997647	-7546.796527447013	276.2908294783689	6.476460544000001	1.0033555317817326	24.8	23:57:55
74000	36.99999999999464	-9774.79823619372	2404.6796378981535	-7370.118598295566	298.93176555379915	6.476460544000001	1.0033555317817326	24.7	23:57:52
76000	37.99999999999942	-9743.136756630176	2432.5899638597853	-7310.54679277039	302.40136827567574	6.476460544000001	1.0033555317817326	24.8	23:57:48
78000	39.00000000000419	-9564.012629088938	2397.1719833915786	-7166.84064569736	297.99847016532067	6.476460544000001	1.0033555317817326	24.8	23:57:45
80000	40.00000000000897	-9557.282031768249	2391.791662316187	-7165.490369452062	297.32962893883655	6.476460544000001	1.0033555317817326	24.8	23:57:41
82000	41.00000000001374	-9495.566782429527	2420.317006706531	-7075.249775722996	300.875686146311	6.476460544000001	1.0033555317817326	24.8	23:57:38
84000	42.00000000001852	-9570.123461753486	2444.959765977806	-7125.16369577568	303.93908944585337	6.476460544000001	1.0033555317817326	24.8	23:57:34
86000	43.00000000002329	-9352.486904880428	2584.3777302289814	-6768.109174651447	321.27048675412357	6.476460544000001	1.0033555317817326	24.7	23:57:31
88000	44.000000000028066	-9475.859410542209	2573.774908865681	-6902.084501676528	319.9524233996415	6.476460544000001	1.0033555317817326	24.7	23:57:27
90000	45.00000000003284	-9607.556774344124	2470.442753961706	-7137.114020382418	307.10694368704105	6.476460544000001	1.0033555317817326	24.7	23:57:24
92000	46.000000000037616	-9648.582840389365	2399.008980343813	-7249.573860045552	298.2268318703869	6.476460544000001	1.0033555317817326	24.8	23:57:20
94000	47.00000000004239	-9669.662603332712	2384.8231879727587	-7284.839415359953	296.4633603906827	6.476460544000001	1.0033555317817326	24.8	23:57:17
96000	48.000000000047166	-9694.47608560005	2306.416983493262	-7388.0591021067885	286.7164881811626	6.476460544000001	1.0033555317817326	24.7	23:57:13
98000	49.00000000005194	-9756.155082162326	2451.4223921253497	-7304.732690036976	304.7424747342521	6.476460544000001	1.0033555317817326	24.7	23:57:10
100000	50.000000000056716	-9649.613486395629	2463.1419577722613	-7186.471528623368	306.1993633755253	6.476460544000001	1.0033555317817326	24.7	23:57:06
102000	51.00000000006149	-9670.870130305299	2368.8872622643967	-7301.982868040902	294.4823254400567	6.476460544000001	1.0033555317817326	24.7	23:57:02
104000	52.000000000066265	-9427.389954534967	2486.7931304636904	-6940.596824071276	309.13950005678674	6.476460544000001	1.0033555317817326	24.7	23:56:59
106000	53.00000000007104	-9439.125097435212	2458.4987340723824	-6980.62636336283	305.62215257513816	6.476460544000001	1.0033555317817326	24.7	23:56:55
108000	54.000000000075815	-9568.888431140145	2396.7003235607012	-7172.1881075794445	297.9398369470895	6.476460544000001	1.0033555317817326	24.7	23:56:52
110000	55.00000000008059	-9662.896266367605	2289.746689124865	-7373.14957724274	284.6441620179145	6.476460544000001	1.0033555317817326	24.7	23:56:49
112000	56.000000000085365	-9793.888939854323	2308.321922510768	-7485.567017343556	286.95329593501094	6.476460544000001	1.0033555317817326	24.7	23:56:45
114000	57.00000000009014	-9637.290117203866	2396.5286564287508	-7240.761460775115	297.9184965747452	6.476460544000001	1.0033555317817326	24.7	23:56:42
116000	58.000000000094914	-9624.607023539173	2344.515206830177	-7280.091816708996	291.4525740144179	6.476460544000001	1.0033555317817326	24.7	23:56:38
118000	59.00000000009969	-9581.472213026625	2275.0495189956787	-7306.422694030947	282.8171198846836	6.476460544000001	1.0033555317817326	24.7	23:56:34
120000	60.000000000104464	-9659.625082633194	2441.8328447387416	-7217.792237894453	303.55037401282453	6.476460544000001	1.0033555317817326	24.7	23:56:31
122000	61.00000000010924	-9569.440370338187	2453.412637487574	-7116.027732850613	304.98988713407385	6.476460544000001	1.0033555317817326	24.7	23:56:27
124000	62.000000000114014	-9534.268893645241	2359.068868252288	-7175.200025392953	293.2617762198255	6.476460544000001	1.0033555317817326	24.7	23:56:24
126000	63.00000000011879	-9433.122930037774	2417.89294665061	-7015.229983387164	300.5743451523155	6.476460544000001	1.0033555317817326	24.7	23:56:21
128000	64.00000000012356	-9538.510065965935	2432.284815681267	-7106.225250284668	302.363434539172	6.476460544000001	1.0033555317817326	24.7	23:56:17
130000	65.00000000012834	-9502.855271734239	2408.3547022676717	-7094.500569466567	299.38862203613047	6.476460544000001	1.0033555317817326	24.7	23:56:14
132000	66.00000000013311	-9373.6531158765	2396.1096634796463	-6977.543452396852	297.86641050886914	6.476460544000001	1.0033555317817326	24.7	23:56:10
134000	67.00000000013789	-9475.682484277566	2392.1511825709913	-7083.531301706575	297.3743218047083	6.476460544000001	1.0033555317817326	24.7	23:56:06
136000	68.00000000014266	-9510.975052887447	2405.566045377372	-7105.409007510074	299.0419570939057	6.476460544000001	1.0033555317817326	24.7	23:56:03
138000	69.00000000014744	-9570.20491436746	2529.523674317759	-7040.6812400497	314.4514412883994	6.476460544000001	1.0033555317817326	24.7	23:56:00
140000	70.00000000015221	-9720.651476147323	2417.3792706986947	-7303.272205448628	300.5104888045474	6.476460544000001	1.0033555317817326	24.7	23:55:56
142000	71.00000000015699	-9820.643245741307	2509.4626250846813	-7311.180620656625	311.95760187145856	6.476460544000001	1.0033555317817326	24.7	23:55:53
144000	72.00000000016176	-9631.764678619278	2411.3608456040092	-7220.403833015269	299.7623232647169	6.476460544000001	1.0033555317817326	24.7	23:55:49
146000	73.00000000016654	-9628.90961976731	2451.643945097774	-7177.265674669536	304.77001654072257	6.476460544000001	1.0033555317817326	24.7	23:55:45
148000	74.00000000017131	-9594.941311608123	2501.972687498599	-7092.968624109524	311.02650891786567	6.476460544000001	1.0033555317817326	24.7	23:55:42
150000	75.00000000017609	-9402.738225303827	2358.028470748549	-7044.709754555278	293.1324417929983	6.476460544000001	1.0033555317817326	24.7	23:55:38
152000	76.00000000018086	-9523.402814897654	2442.379785663583	-7081.023029234071	303.6183656129278	6.476460544000001	1.0033555317817326	24.7	23:55:35
154000	77.00000000018564	-9483.890128269806	2553.4851380154014	-6930.404990254405	317.4301510239925	6.476460544000001	1.0033555317817326	24.7	23:55:32
156000	78.00000000019041	-9569.09890136225	2422.3951046983766	-7146.703796663873	301.13401972717804	6.476460544000001	1.0033555317817326	24.7	23:55:28
158000	79.00000000019519	-9613.721605766486	2455.0077996018476	-7158.713806164638	305.1881857430234	6.476460544000001	1.0033555317817326	24.7	23:55:25
160000	80.00000000019996	-9381.823738781335	2350.5561695167526	-7031.267569264583	292.2035412589034	6.476460544000001	1.0033555317817326	24.7	23:55:21
162000	81.00000000020474	-9469.074777880676	2292.25183669116	-7176.822941189516	284.95558320398976	6.476460544000001	1.0033555317817326	24.7	23:55:18
164000	82.00000000020951	-9420.508042779684	2321.8849483662534	-7098.62309441343	288.63934974497954	6.476460544000001	1.0033555317817326	24.7	23:55:14
166000	83.00000000021429	-9488.887841966061	2456.1690810080077	-7032.718760958054	305.3325475513812	6.476460544000001	1.0033555317817326	24.7	23:55:11
168000	84.00000000021906	-9570.707281309215	2381.3121879822916	-7189.3950933269225	296.0268991633871	6.476460544000001	1.0033555317817326	24.7	23:55:07
170000	85.00000000022384	-9600.66372037432	2358.7549218254185	-7241.9087985489	293.2227487509708	6.476460544000001	1.0033555317817326	24.7	23:55:04
172000	86.00000000022861	-9516.493344861232	2384.089982484096	-7132.403362377136	296.3722137748152	6.476460544000001	1.0033555317817326	24.7	23:55:00
174000	87.00000000023338	-9528.097179525212	2347.2705490446538	-7180.826630480558	291.7950975256157	6.476460544000001	1.0033555317817326	24.7	23:54:57
176000	88.00000000023816	-9635.739297728273	2500.3653517706534	-7135.373945957619	310.82669697642444	6.476460544000001	1.0033555317817326	24.7	23:54:53
178000	89.00000000024293	-9575.162184782035	2511.702992863256	-7063.459191918779	312.2361076170823	6.476460544000001	1.0033555317817326	24.7	23:54:50
180000	90.00000000024771	-9572.0071149246	2330.609510978019	-7241.397603946581	289.7239220364883	6.476460544000001	1.0033555317817326	24.7	23:54:46
182000	91.00000000025248	-9678.767198146343	2377.3668890510144	-7301.400309095328	295.5364491439429	6.476460544000001	1.0033555317817326	24.7	23:54:43
184000	92.00000000025726	-9589.34300237175	2413.5401153836847	-7175.802886988065	300.0332337646393	6.476460544000001	1.0033555317817326	24.7	23:54:39
186000	93.00000000026203	-9656.098988873106	2422.4534998913864	-7233.64548898172	301.1412789802906	6.476460544000001	1.0033555317817326	24.7	23:54:36
188000	94.00000000026681	-9528.179656280723	2430.292969485215	-7097.886686795508	302.11582313567624	6.476460544000001	1.0033555317817326	24.7	23:54:32
190000	95.00000000027158	-9651.06303263933	2411.5582761630803	-7239.504756476249	299.7868663533958	6.476460544000001	1.0033555317817326	24.7	23:54:29
192000	96.00000000027636	-9518.581484135986	2467.875944522664	-7050.705539613322	306.7878571586902	6.476460544000001	1.0033555317817326	24.7	23:54:25
194000	97.00000000028113	-9589.976983930908	2425.2703394710798	-7164.706644459829	301.4914473834196	6.476460544000001	1.0033555317817326	24.7	23:54:21
196000	98.00000000028591	-9699.97316398382	2467.4410392948835	-7232.532124688936	306.73379299748547	6.476460544000001	1.0033555317817326	24.7	23:54:18
198000	99.00000000029068	-9460.067412101955	2430.8195606944378	-7029.247851407517	302.1812850115192	6.476460544000001	1.0033555317817326	24.7	23:54:15
200000	100.00000000029546	-9562.003395423682	2463.144717629073	-7098.858677794609	306.19970646025746	6.476460544000001	1.0033555317817326	24.7	23:54:11
