Time:  1.000000 ps  	 Step: 2000.000000

 +2.000000000000	
  +9.601207582223	+15.397679338900	-14.060277563299	
 -28.169507281088	+76.459972648769	-252.029734666894	
 +76.459972648769	-35.552250591179	+60.079982515191	
 -252.029734666894	+60.079982515192	+63.721758008537	
 Time:  2.000000 ps  	 Step: 4000.000000

 +2.000000000000	
 +16.158135192422	+41.481938461123	-17.384786779846	
 +101.343021380439	+238.208660195490	-414.549213208474	
 +238.208660195490	-181.019480059790	+166.128450345389	
 -414.549213208474	+166.128450345389	+79.676458529081	
 Time:  3.000000 ps  	 Step: 6000.000000

 +2.000000000000	
 +16.071171036631	+55.505593104246	 -9.624477538243	
 +176.834608603214	+171.782991614911	+169.149592410264	
 +171.782991614911	-45.513274596836	+24.388011697853	
 +169.149592410264	+24.388011697853	-131.321334218229	
 Time:  4.000000 ps  	 Step: 8000.000000

 +2.000000000000	
 -14.063333062083	+29.056699105432	+35.379670939453	
 +65.202474951874	-637.749299597947	+268.958125880477	
 -637.749299597947	-21.514439977833	+152.961901095461	
 +268.958125880478	+152.961901095461	-43.688034808966	
 Time:  5.000000 ps  	 Step: 10000.000000

 +2.000000000000	
  -7.860185257391	+50.877991475671	+49.367340658970	
 -177.256071006609	-475.900652678160	+165.398850872937	
 -475.900652678160	-42.030701353289	+312.613945772118	
 +165.398850872937	+312.613945772118	+219.286772172922	
 Time:  6.000000 ps  	 Step: 12000.000000

 +2.000000000000	
 -10.458096102887	+39.742290880652	+52.024580331531	
 -296.352369179684	-410.460920570990	+45.815744206404	
 -410.460920570990	+90.350891021665	+540.369967086792	
 +45.815744206404	+540.369967086793	+206.001477998254	
 Time:  7.000000 ps  	 Step: 14000.000000

 +2.000000000000	
 +16.337357480410	+22.996434185915	+51.354936713330	
 +14.410556056839	+247.280671267438	+327.511167836537	
 +247.280671267438	+179.769124433739	+402.420894772587	
 +327.511167836537	+402.420894772587	-194.179680249519	
 Time:  8.000000 ps  	 Step: 16000.000000

 +2.000000000000	
 +69.036982711467	+24.639311244462	+60.403511575245	
 +34.094064378587	-110.224683935160	+263.261064964069	
 -110.224683935160	+80.184111348936	+966.121990856022	
 +263.261064964069	+966.121990856021	-114.278175958199	
 Time:  9.000000 ps  	 Step: 18000.000000

 +2.000000000000	
  +9.774659115702	+36.743024949919	+10.025884045021	
 -90.730595071270	-426.702412847692	-117.726259630056	
 -426.702412847693	-28.738195829907	+1106.019535135832	
 -117.726259630056	+1106.019535135832	+119.468791208336	
 Time:  10.000000 ps  	 Step: 20000.000000

 +2.000000000000	
 +17.373636898556	+35.303662461391	 +9.293198335329	
 +278.814963168974	-269.522530036840	-429.235279611045	
 -269.522530036840	-323.191614865458	+998.535474343086	
 -429.235279611045	+998.535474343086	+44.376652072039	
 Time:  11.000000 ps  	 Step: 22000.000000

 +2.000000000000	
 +15.260554044579	+33.778397707105	+26.124443251260	
 -95.967658825493	+218.933685447005	-348.512510590141	
 +218.933685447005	 +8.151726654297	+1209.769680545027	
 -348.512510590141	+1209.769680545026	+87.815931930348	
 Time:  12.000000 ps  	 Step: 24000.000000

 +2.000000000000	
 +24.126945573088	+38.660340557413	-16.517386343941	
 -152.043446690655	+307.723489688383	-152.121736668615	
 +307.723489688383	+46.579022475720	+1321.653826344688	
 -152.121736668615	+1321.653826344689	+105.464423957500	
 Time:  13.000000 ps  	 Step: 26000.000000

 +2.000000000000	
 +45.213834496270	+27.643895714391	-40.530760972268	
 -90.724820243712	+401.730033595333	-192.467846915246	
 +401.730033595333	-61.350767043635	+1176.707789093615	
 -192.467846915245	+1176.707789093615	+152.075586987423	
 Time:  14.000000 ps  	 Step: 28000.000000

 +2.000000000000	
 +28.115470176137	+55.198826207132	-65.319563490160	
 -62.451032047353	+255.360287139645	+399.708660158983	
 +255.360287139645	+126.433953678454	+820.573021293547	
 +399.708660158983	+820.573021293547	-63.982921840325	
 Time:  15.000000 ps  	 Step: 30000.000000

 +2.000000000000	
  +0.934311599643	+26.164465238070	-95.893807247477	
 -99.864582244707	+580.460277753615	+561.301565737507	
 +580.460277753614	+127.114556186792	+706.002356085765	
 +561.301565737506	+706.002356085765	-27.249973713953	
 Time:  16.000000 ps  	 Step: 32000.000000

 +2.000000000000	
 -32.716682798660	 +9.915419403531	-71.112052381559	
 +56.827163502850	+461.989563845885	+464.837261091061	
 +461.989563845886	-81.662862871610	+594.856486005618	
 +464.837261091060	+594.856486005618	+24.835699683715	
 Time:  17.000000 ps  	 Step: 34000.000000

 +2.000000000000	
  +1.186098055597	+30.913335439052	-68.751261797397	
 -85.523600697961	-198.511249789944	+353.269597161621	
 -198.511249789944	+79.839902322541	+776.492931250648	
 +353.269597161621	+776.492931250648	 +5.683698561408	
 Time:  18.000000 ps  	 Step: 36000.000000

 +2.000000000000	
 +18.194631590923	+48.509139067365	-111.345203464963	
 -124.835734568469	+252.898202514669	-226.219348569825	
 +252.898202514669	+24.926984191683	+375.323148530891	
 -226.219348569825	+375.323148530892	+99.908750713925	
 Time:  19.000000 ps  	 Step: 38000.000000

 +2.000000000000	
 -12.506685458144	 -1.077201029613	-91.650614438415	
 -50.234007822614	-25.567799562399	+232.162876766281	
 -25.567799562399	-37.658004872205	+569.544621818689	
 +232.162876766281	+569.544621818689	+87.892011819495	
 Time:  20.000000 ps  	 Step: 40000.000000

 +2.000000000000	
 -15.019720656193	+13.242936948034	-87.260929239607	
 -115.496518796543	+282.767509502504	-154.050180176365	
 +282.767509502504	-117.482709836333	+140.640407529679	
 -154.050180176366	+140.640407529679	+232.979228226387	
 Time:  21.000000 ps  	 Step: 42000.000000

 +2.000000000000	
  +1.900959734348	+20.637422141528	-89.214849770387	
 -95.898640493908	+176.424994015396	-94.945342528736	
 +176.424994015396	+154.910328691116	+148.783820653923	
 -94.945342528736	+148.783820653923	-59.011687815968	
 Time:  22.000000 ps  	 Step: 44000.000000

 +2.000000000000	
  -7.461079497913	 -6.887951667907	-109.176363454997	
 -117.093791463399	+78.008867742377	-202.246650267857	
 +78.008867742377	+210.967699449795	+178.501987734656	
 -202.246650267857	+178.501987734656	-93.873907995467	
 Time:  23.000000 ps  	 Step: 46000.000000

 +2.000000000000	
  -2.014652534297	-30.865917455097	-147.524858232234	
 -42.157674650059	+297.902065860574	+39.235180419527	
 +297.902065860574	+153.938100501229	+53.317150410582	
 +39.235180419526	+53.317150410582	-111.780425800550	
 Time:  24.000000 ps  	 Step: 48000.000000

 +2.000000000000	
 -53.813765348541	-46.100735776324	-137.367276432008	
 -147.884425720697	+181.153854770929	+21.783422994166	
 +181.153854770928	+70.252047209597	+362.292777491211	
 +21.783422994166	+362.292777491211	+77.632378392140	
 Time:  25.000000 ps  	 Step: 50000.000000

 +2.000000000000	
 -20.059164929145	-33.168141762984	-114.282944812828	
 -165.554974399232	+183.255251916498	-287.900957375152	
 +183.255251916498	+116.098501095713	+78.403328974944	
 -287.900957375152	+78.403328974944	+49.456473298285	
 Time:  26.000000 ps  	 Step: 52000.000000

 +2.000000000000	
  +0.792940553322	 -2.127968047857	-97.696620727063	
  +9.160106842703	+255.842929458711	-156.176706970811	
 +255.842929458711	+76.002689606101	-16.040919514083	
 -156.176706970811	-16.040919514083	-85.162796554359	
 Time:  27.000000 ps  	 Step: 54000.000000

 +2.000000000000	
 +23.687886226464	 -5.828871008679	-101.732253409930	
 -248.984940000009	+23.088171308780	+349.122591490646	
 +23.088171308779	+195.163174845682	-420.301455623485	
 +349.122591490646	-420.301455623485	+53.821765003559	
 Time:  28.000000 ps  	 Step: 56000.000000

 +2.000000000000	
  +1.916160980950	-12.135986150390	-109.238383054669	
 -268.610386640063	+459.406437561240	+421.938393240864	
 +459.406437561241	+212.692630982186	-461.310345815711	
 +421.938393240864	-461.310345815711	+55.917755434429	
 Time:  29.000000 ps  	 Step: 58000.000000

 +2.000000000000	
 +24.245157109638	-40.895249227274	-116.036283063968	
  -8.194710453954	+216.724558597930	+484.172758909851	
 +216.724558597930	+166.728156001000	-310.440557139780	
 +484.172758909851	-310.440557139780	-158.533445791300	
 Time:  30.000000 ps  	 Step: 60000.000000

 +2.000000000000	
  -9.322845760926	-59.465261849400	-138.821729127122	
 -100.729344024769	+382.157080963782	+456.895768493505	
 +382.157080963783	+76.804584818342	-234.225874766407	
 +456.895768493505	-234.225874766406	+23.924759390996	
 Time:  31.000000 ps  	 Step: 62000.000000

 +2.000000000000	
  -7.655249313637	-41.755992728789	-111.258259831721	
 -117.730121484393	+399.050903476956	+57.523542750254	
 +399.050903476956	+123.864802479753	-89.631844889070	
 +57.523542750254	-89.631844889070	 -6.134681126906	
 Time:  32.000000 ps  	 Step: 64000.000000

 +2.000000000000	
  +5.518419434620	 -3.621053273874	-107.442564952753	
 -18.401336353064	+25.793764052545	+459.826596535110	
 +25.793764052545	+59.099330730856	+204.798291908822	
 +459.826596535110	+204.798291908822	-40.697994428179	
 Time:  33.000000 ps  	 Step: 66000.000000

 +2.000000000000	
  -2.882890099054	 -8.619721060879	-116.749504056792	
 -138.236398279903	-162.705106353123	+115.348252554732	
 -162.705106353123	+178.109874851957	+340.899195450893	
 +115.348252554732	+340.899195450893	-39.873476821338	
 Time:  34.000000 ps  	 Step: 68000.000000

 +2.000000000000	
  +9.153475304514	-18.895959710799	-67.611875289223	
 -101.049116244104	-162.496363206319	+190.505844546159	
 -162.496363206319	-71.410966616826	+190.692248929426	
 +190.505844546159	+190.692248929427	+172.460082889148	
 Time:  35.000000 ps  	 Step: 70000.000000

 +2.000000000000	
  +4.712611939119	 -9.373770297448	-40.477017687682	
 +28.942474015740	-83.665144624291	+44.247724766602	
 -83.665144624291	-69.458851564727	+229.141197066907	
 +44.247724766602	+229.141197066906	+40.516377910412	
 Time:  36.000000 ps  	 Step: 72000.000000

 +2.000000000000	
 +36.065311328708	-38.294804365581	-56.117631994392	
 -65.479173150336	+243.119212560252	+111.829656018397	
 +243.119212560253	+49.689558669276	+99.418347247550	
 +111.829656018397	+99.418347247550	+15.789614673315	
 Time:  37.000000 ps  	 Step: 74000.000000

 +2.000000000000	
 +39.931777338821	-55.894565180327	-50.377139486384	
 -168.468228210391	-28.559152885052	+320.118643203852	
 -28.559152885052	-164.003429430654	+443.371646810455	
 +320.118643203852	+443.371646810454	+332.471657077325	
 Time:  38.000000 ps  	 Step: 76000.000000

 +2.000000000000	
 +52.407275572523	-43.407807719844	-15.039084492358	
 -33.417636476276	+537.162231200025	-204.068682263865	
 +537.162231200025	+40.025601113219	+689.061707448561	
 -204.068682263865	+689.061707448561	 -6.607964647264	
 Time:  39.000000 ps  	 Step: 78000.000000

 +2.000000000000	
 +31.036793646398	-31.451964882395	-63.765657089484	
 +154.720322610177	+194.186543472352	-277.755477129185	
 +194.186543472353	 -7.340844570463	+883.715789223409	
 -277.755477129185	+883.715789223409	-147.379477661989	
 Time:  40.000000 ps  	 Step: 80000.000000

 +2.000000000000	
 +22.527148962850	-40.813721908606	-52.937406772715	
 +73.602067471550	-71.757389164704	-380.229928375506	
 -71.757389164705	-77.723476783355	+822.830911861899	
 -380.229928375506	+822.830911861899	 +4.121409282496	
 Time:  41.000000 ps  	 Step: 82000.000000

 +2.000000000000	
 -17.850160015756	-24.232048467137	-73.057578133947	
 -23.102889915409	+192.168745028800	-89.241595960574	
 +192.168745028799	+407.371087918216	+850.636745908530	
 -89.241595960574	+850.636745908530	-384.268198066929	
 Time:  42.000000 ps  	 Step: 84000.000000

 +2.000000000000	
 -24.355413766243	-23.789283050702	-27.920922819109	
 +197.831924331861	+49.482638441665	-417.425383215219	
 +49.482638441665	-133.821258044844	+1090.238827559451	
 -417.425383215218	+1090.238827559451	-64.010666101653	
 Time:  43.000000 ps  	 Step: 86000.000000

 +2.000000000000	
 -40.251800180530	-40.040915900659	-27.407812843560	
 +58.805988168563	+317.446050103563	+121.133395596162	
 +317.446050103563	 +9.192071699598	+1285.112104388300	
 +121.133395596162	+1285.112104388301	-67.998059969264	
 Time:  44.000000 ps  	 Step: 88000.000000

 +2.000000000000	
 -41.851021772509	-18.384443470338	-75.994067965858	
 +163.028029425977	+183.609289424596	+882.727506593809	
 +183.609289424596	-103.739603755990	+1361.760787443610	
 +882.727506593809	+1361.760787443610	-59.288426001229	
 Time:  45.000000 ps  	 Step: 90000.000000

 +2.000000000000	
 +26.349722852728	-27.776999580515	-52.876739176771	
 -44.783542442255	 +7.942271562553	+863.350955990228	
  +7.942271562553	+101.076359598821	+1200.344442576049	
 +863.350955990228	+1200.344442576048	-56.292817049709	
 Time:  46.000000 ps  	 Step: 92000.000000

 +2.000000000000	
 -21.386081798621	-37.982036025545	-94.369486463172	
 +68.615913280725	+43.883377708317	+522.441544807328	
 +43.883377708317	-73.156750677524	+742.134920648702	
 +522.441544807328	+742.134920648702	 +4.540837339001	
 Time:  47.000000 ps  	 Step: 94000.000000

 +2.000000000000	
 +12.402309608783	-45.630638490586	-121.504447176422	
 +33.854780014805	+224.713182236730	+238.121583618588	
 +224.713182236730	+17.569035621969	+762.109895054300	
 +238.121583618588	+762.109895054300	-51.423815988096	
 Time:  48.000000 ps  	 Step: 96000.000000

 +2.000000000000	
 -21.356156443804	 +6.390847407134	-114.295438051752	
 -153.080261278450	+211.379381284465	+415.179476936258	
 +211.379381284465	-164.106234625440	+857.642919305656	
 +415.179476936258	+857.642919305656	+317.186496123626	
 Time:  49.000000 ps  	 Step: 98000.000000

 +2.000000000000	
 -23.239648112970	-27.341046758510	-132.005192986300	
 -69.696859185947	+437.027770252478	+612.558435339589	
 +437.027770252478	+87.788182523909	+528.334857179158	
 +612.558435339589	+528.334857179159	-18.091323489213	
 Time:  50.000000 ps  	 Step: 100000.000000

 +2.000000000000	
 -12.145167407503	-31.430159028031	-127.205206592771	
 +97.805429051032	+610.354842828448	+277.894881550252	
 +610.354842828448	-121.042196634003	+655.279471132775	
 +277.894881550251	+655.279471132775	+23.236767536658	
 Time:  51.000000 ps  	 Step: 102000.000000

 +2.000000000000	
 -23.399579158098	-43.478705501695	+63.849131621875	
 -164.801320103012	+260.954052849536	+451.829407147825	
 +260.954052849536	+300.858136976837	-523.535428863356	
 +451.829407147825	-523.535428863356	-136.056817251891	
 Time:  52.000000 ps  	 Step: 104000.000000

 +2.000000000000	
 -28.250397527211	-50.127997681569	+43.889595009105	
 -40.784694613328	+113.661096401778	+240.234053922799	
 +113.661096401778	-113.435409694784	-473.554260181147	
 +240.234053922799	-473.554260181147	+154.220104299552	
 Time:  53.000000 ps  	 Step: 106000.000000

 +2.000000000000	
 -39.960562695429	-62.066329800432	+79.903900576459	
 -21.925466354320	+125.798873781679	-23.029604101129	
 +125.798873781678	-259.544455253274	-986.849200285686	
 -23.029604101129	-986.849200285686	+281.469921374781	
 Time:  54.000000 ps  	 Step: 108000.000000

 +2.000000000000	
 -30.755890944310	-90.443094471042	-104.725820606681	
 +41.560279471283	-69.626103434939	+264.366350594590	
 -69.626103434940	+43.283156699100	+168.987067761921	
 +264.366350594590	+168.987067761921	-84.843436110275	
 Time:  55.000000 ps  	 Step: 110000.000000

 +2.000000000000	
 -48.047385862778	-83.797723194452	+77.959232649675	
 -36.785309170010	+74.854857911164	-346.598880703919	
 +74.854857911164	+62.603062137816	-1087.146803123423	
 -346.598880703919	-1087.146803123423	-25.817753131297	
 Time:  56.000000 ps  	 Step: 112000.000000

 +2.000000000000	
 -35.415451614820	-111.105865141851	+86.394766180563	
 +78.559921767882	-16.569796136041	-127.741219507754	
 -16.569796136040	-201.640712149104	-1381.995333475974	
 -127.741219507754	-1381.995333475973	+123.080790439023	
 Time:  57.000000 ps  	 Step: 114000.000000

 +2.000000000000	
 -73.114748321764	-125.069352699965	+105.515344868622	
 -146.050280695107	-152.132561263335	-451.527364930598	
 -152.132561263335	+58.489528199529	-1476.953325202702	
 -451.527364930597	-1476.953325202702	+87.560752749893	
 Time:  58.000000 ps  	 Step: 116000.000000

 +2.000000000000	
 -73.094522391318	-117.486634338178	+83.967323196579	
 -304.906694910624	-104.650849091692	-672.874204175962	
 -104.650849091692	-46.678541598498	-1199.364959142875	
 -672.874204175962	-1199.364959142875	+351.585236781341	
 Time:  59.000000 ps  	 Step: 118000.000000

 +2.000000000000	
 -71.896656584967	-94.094434815150	+76.528397801455	
 -146.294483438690	-94.749058139481	-289.367018750958	
 -94.749058139481	-183.105687758147	-1229.802233623962	
 -289.367018750958	-1229.802233623962	+329.400171615469	
 Time:  60.000000 ps  	 Step: 120000.000000

 +2.000000000000	
 -73.909432645966	-72.088857573702	+89.955297021824	
 -168.837671617423	+106.635402855725	-586.387149014006	
 +106.635402855725	+178.302731383272	-838.123605236264	
 -586.387149014006	-838.123605236264	 -9.465060433437	
 Time:  61.000000 ps  	 Step: 122000.000000

 +2.000000000000	
 -85.616195541040	-73.489699134395	+66.386007975963	
 -156.308997870414	-179.740499707714	-579.097301765605	
 -179.740499707714	-224.087704563209	-1053.170690744584	
 -579.097301765605	-1053.170690744584	+380.396702677129	
 Time:  62.000000 ps  	 Step: 124000.000000

 +2.000000000000	
 -103.200078110931	-108.822318969513	+27.640516550146	
 +165.550526744682	-326.050543003079	-474.768601792644	
 -326.050543003079	-153.212662614475	-909.465951946157	
 -474.768601792644	-909.465951946157	-12.337864371730	
 Time:  63.000000 ps  	 Step: 126000.000000

 +2.000000000000	
 -80.215496038070	-85.460567059900	+16.177498466241	
 +37.485830038644	-700.626396167448	-382.957709400925	
 -700.626396167449	-58.801227563978	-630.378507603913	
 -382.957709400925	-630.378507603913	+21.315397764481	
 Time:  64.000000 ps  	 Step: 128000.000000

 +2.000000000000	
 -76.033153617414	-91.251954364817	+27.628283347512	
 -41.829402403595	-173.408207137560	-413.562297709583	
 -173.408207137561	-288.553154565269	-707.119511003888	
 -413.562297709583	-707.119511003888	+330.382556961219	
 Time:  65.000000 ps  	 Step: 130000.000000

 +2.000000000000	
 -87.142183659585	-110.864682148826	+29.100848969216	
 +25.463986684830	-206.050130422080	-193.985121590719	
 -206.050130422080	-134.105554838994	-658.502014886382	
 -193.985121590719	-658.502014886382	+108.641567847937	
 Time:  66.000000 ps  	 Step: 132000.000000

 +2.000000000000	
 -25.739772224201	-118.552397273662	+14.553498468943	
 -69.721294478596	-323.314245656574	 -5.126464552547	
 -323.314245656574	+55.317266012820	-463.525152382451	
  -5.126464552547	-463.525152382451	+14.404028005363	
 Time:  67.000000 ps  	 Step: 134000.000000

 +2.000000000000	
 -14.658011265406	-86.659229082071	-144.998389013714	
 -90.179792700839	-444.635717509041	+393.084810181365	
 -444.635717509041	-26.359003255234	+716.884701615023	
 +393.084810181365	+716.884701615023	+116.538796010843	
 Time:  68.000000 ps  	 Step: 136000.000000

 +2.000000000000	
 +18.996207244648	-73.320022956598	-130.978079655278	
 +50.455986523077	-167.921492105053	+341.721318855677	
 -167.921492105053	+266.540707094604	+864.326610191102	
 +341.721318855677	+864.326610191102	-316.996693628930	
 Time:  69.000000 ps  	 Step: 138000.000000

 +2.000000000000	
 +20.528737560571	-58.289946479355	-136.816881727105	
 +52.067653278110	+33.183460970299	+199.790429448473	
 +33.183460970299	-210.209358450751	+453.834723241599	
 +199.790429448473	+453.834723241599	+158.141705055798	
 Time:  70.000000 ps  	 Step: 140000.000000

 +2.000000000000	
  +8.027574998125	-60.339068210108	+16.995233775655	
 -69.154161718138	-176.488377979359	+224.852771374181	
 -176.488377979359	+48.656492190448	-1350.768177400437	
 +224.852771374181	-1350.768177400438	+20.497669723262	
 Time:  71.000000 ps  	 Step: 142000.000000

 +2.000000000000	
 -32.465933742971	-79.205390189931	 +7.109668736194	
 +19.626314540125	+211.934202313987	+75.872769039350	
 +211.934202313987	 +7.808000091759	-1759.121462585685	
 +75.872769039350	-1759.121462585685	-27.434314915327	
 Time:  72.000000 ps  	 Step: 144000.000000

 +2.000000000000	
 -69.079479010891	-68.983246596750	-10.459306132957	
 +49.778529696326	-589.666229698429	-27.431662133365	
 -589.666229698429	-484.171372264199	-1796.982554426857	
 -27.431662133365	-1796.982554426857	+434.392842655419	
 Time:  73.000000 ps  	 Step: 146000.000000

 +2.000000000000	
 -59.816589766950	-74.321042026520	 +6.753145226263	
 +27.376288054468	-255.730819495008	+11.376806722844	
 -255.730819495007	-110.511870170874	-1895.688461979945	
 +11.376806722844	-1895.688461979945	+83.135582284211	
 Time:  74.000000 ps  	 Step: 148000.000000

 +2.000000000000	
 -64.821727998966	-41.096444764407	-148.002272294849	
  -0.080829376386	-254.287096269772	-170.850650116351	
 -254.287096269772	-151.170860935435	-291.188222451610	
 -170.850650116350	-291.188222451610	+151.251690134780	
 Time:  75.000000 ps  	 Step: 150000.000000

 +2.000000000000	
 -70.452098374903	-51.734753512298	-137.034045455030	
 -214.563295933529	+124.204738017684	+317.913451541832	
 +124.204738017684	+52.679125684282	-398.476272447873	
 +317.913451541832	-398.476272447873	+161.884170112772	
 Time:  76.000000 ps  	 Step: 152000.000000

 +2.000000000000	
 -101.819454575553	-33.587249234229	-114.178739478689	
 +22.714325684630	+243.993171682007	+377.535468177547	
 +243.993171682008	-228.274659117058	-569.680018269297	
 +377.535468177546	-569.680018269297	+205.560333845401	
 Time:  77.000000 ps  	 Step: 154000.000000

 +2.000000000000	
 -122.082984869449	-16.402668052742	+71.026297853853	
 -17.195790497355	+150.495195173942	+156.212750313218	
 +150.495195173942	-14.746888590472	-1133.912371262862	
 +156.212750313218	-1133.912371262862	+31.942679611036	
 Time:  78.000000 ps  	 Step: 156000.000000

 +2.000000000000	
 -108.573087551622	 +1.555936749606	-119.569110070250	
 -171.445028564189	+30.069252663462	+665.561285515534	
 +30.069252663462	-88.403287056556	-37.851376082387	
 +665.561285515534	-37.851376082387	+259.848315842064	
 Time:  79.000000 ps  	 Step: 158000.000000

 +2.000000000000	
 -93.669357965314	 -6.979435003737	-113.780732235071	
 -96.848087709632	+34.528532564228	+602.026057359420	
 +34.528532564228	-82.838251324105	+299.883514970777	
 +602.026057359420	+299.883514970777	+179.686339041334	
 Time:  80.000000 ps  	 Step: 160000.000000

 +2.000000000000	
 -94.830957557426	 -6.151354298650	-117.395161187152	
 +119.614522271284	+603.809159050246	+835.820499993126	
 +603.809159050246	-78.381860561534	-187.837075103440	
 +835.820499993126	-187.837075103440	-41.232661774711	
 Time:  81.000000 ps  	 Step: 162000.000000

 +2.000000000000	
 -40.586639303382	-20.525913758986	-94.578420322370	
 +43.533729063242	+397.118260327263	+380.574140355842	
 +397.118260327262	-188.696322943535	-82.115975911924	
 +380.574140355842	-82.115975911924	+145.162593750805	
 Time:  82.000000 ps  	 Step: 164000.000000

 +2.000000000000	
 -30.700534438525	-58.126968444052	-112.006953480386	
 -132.631607113362	+749.968752390979	+578.343253236422	
 +749.968752390979	+118.706536983630	-246.245737644094	
 +578.343253236422	-246.245737644094	+13.925069878722	
 Time:  83.000000 ps  	 Step: 166000.000000

 +2.000000000000	
 -14.254541337394	-113.614356130142	-81.678133502992	
 +35.488024364778	+478.821625213067	+515.101036569199	
 +478.821625213067	-58.147731086578	+270.260649033337	
 +515.101036569199	+270.260649033337	+22.659706832322	
 Time:  84.000000 ps  	 Step: 168000.000000

 +2.000000000000	
 -35.446653008207	-91.335791588943	-117.063066841228	
 -21.321717630419	+705.168092986317	-108.439256162005	
 +705.168092986317	+69.956326082516	+419.856935187588	
 -108.439256162005	+419.856935187588	-48.634608678071	
 Time:  85.000000 ps  	 Step: 170000.000000

 +2.000000000000	
 +18.051195195869	-84.925193579217	-98.522964421754	
 +11.812837020210	+158.052540358786	-98.014044903784	
 +158.052540358786	-84.515458067423	+11.417189408354	
 -98.014044903784	+11.417189408354	+72.702620889462	
 Time:  86.000000 ps  	 Step: 172000.000000

 +2.000000000000	
  -3.282862077484	-44.641800842383	-97.052864827191	
 -134.299053568728	+178.048344816483	-59.134006645612	
 +178.048344816483	-186.060839006783	+12.729463525955	
 -59.134006645613	+12.729463525955	+320.359892892493	
 Time:  87.000000 ps  	 Step: 174000.000000

 +2.000000000000	
  -2.031910191095	-46.430564010449	-131.955513566143	
 +32.622169579893	-452.917793370732	+14.180992421103	
 -452.917793370732	+14.001042718587	-303.235980789675	
 +14.180992421104	-303.235980789675	-46.623212218305	
 Time:  88.000000 ps  	 Step: 176000.000000

 +2.000000000000	
 +10.470159207102	-69.614839709147	-97.370369334640	
 -73.836243376226	-117.987737789410	+17.026283142344	
 -117.987737789410	-180.600942833193	-454.528271127966	
 +17.026283142344	-454.528271127966	+254.437186409551	
 Time:  89.000000 ps  	 Step: 178000.000000

 +2.000000000000	
  +5.004637693063	-110.058854852540	-111.811036923478	
 -101.655428057763	+73.939201247752	+15.728808003869	
 +73.939201247752	+31.338213108522	-88.351290242000	
 +15.728808003869	-88.351290242000	+70.317214934634	
 Time:  90.000000 ps  	 Step: 180000.000000

 +2.000000000000	
 -27.293237777763	-109.741359485468	-103.941297409557	
 -66.181209253909	+272.956777716967	+472.192059647340	
 +272.956777716968	 +1.011559181666	-280.680541415222	
 +472.192059647340	-280.680541415222	+65.169650235625	
 Time:  91.000000 ps  	 Step: 182000.000000

 +2.000000000000	
  -5.156352385845	-67.749261732448	-105.628571676641	
 -83.718307596144	+32.912905908399	+532.767938265745	
 +32.912905908399	+123.535601406042	+376.492309995818	
 +532.767938265745	+376.492309995818	-39.817293675286	
 Time:  92.000000 ps  	 Step: 184000.000000

 +2.000000000000	
 +26.737325133051	-44.153430519778	-89.436311798624	
 -216.166304411331	+209.706097106563	+882.558342458390	
 +209.706097106563	+86.743056500845	+209.248375456365	
 +882.558342458391	+209.248375456365	+129.423247839771	
 Time:  93.000000 ps  	 Step: 186000.000000

 +2.000000000000	
 +59.679252122460	-86.978464322129	-74.222328032535	
 -59.893009754471	-78.616179249761	+136.718241167742	
 -78.616179249761	-34.944657611005	+165.564665390567	
 +136.718241167742	+165.564665390567	+94.837667582768	
 Time:  94.000000 ps  	 Step: 188000.000000

 +2.000000000000	
 +40.474942139775	-89.899932503225	-106.324576509525	
 -54.313208819026	-146.344075869436	+183.427304407572	
 -146.344075869436	-51.126427313924	+175.880481126896	
 +183.427304407573	+175.880481126896	+105.439635945938	
 Time:  95.000000 ps  	 Step: 190000.000000

 +2.000000000000	
 +52.645139571230	-80.708764702028	-68.886783672663	
 +77.789912370854	-114.452389599780	 +9.880153029902	
 -114.452389599780	+102.479662723571	+270.615496010873	
  +9.880153029902	+270.615496010873	-180.269575257697	
 Time:  96.000000 ps  	 Step: 192000.000000

 +2.000000000000	
  -6.808961797238	-58.861615642018	-75.504713434875	
 +58.949170156343	-111.810935444518	+274.820361383230	
 -111.810935444518	-165.139875529485	-95.085346637121	
 +274.820361383230	-95.085346637122	+106.190705590324	
 Time:  97.000000 ps  	 Step: 194000.000000

 +2.000000000000	
 +16.152010288538	-64.602006364223	-76.362057323466	
 +111.990027290687	-461.481223410126	+45.542389316164	
 -461.481223410126	-69.852017313622	+320.010787497670	
 +45.542389316163	+320.010787497670	-42.138010476521	
 Time:  98.000000 ps  	 Step: 196000.000000

 +2.000000000000	
 -16.391091712058	-64.906328824660	-107.604499862124	
 +142.973356425640	+126.347774307760	+339.785480469207	
 +126.347774307760	-106.535577552007	+70.666446536214	
 +339.785480469207	+70.666446536213	-36.437779186540	
 Time:  99.000000 ps  	 Step: 198000.000000

 +2.000000000000	
 -17.510940939458	-95.305901578731	-83.251499209972	
  +8.252644799102	+52.143201733160	+543.064870486540	
 +52.143201733160	+42.805025916822	+208.020884243724	
 +543.064870486540	+208.020884243724	-51.057670161836	
 Time:  100.000000 ps  	 Step: 200000.000000

 +2.000000000000	
 -65.993633208952	-75.995433495280	-91.593219718980	
 +169.511503666115	+184.953801071400	+753.494548827885	
 +184.953801071400	-234.862830250106	+156.307356883980	
 +753.494548827885	+156.307356883980	+65.351326547787	
 